
 First six rows of the data set are: 
 
  Time Quarter  Sales LogSales
1    1    Qtr1 105715 11.56850
2    2    Qtr2 120136 11.69638
3    3    Qtr3 181669 12.10994
4    4    Qtr4 239813 12.38761
5    5    Qtr1 159980 11.98280
6    6    Qtr2 164760 12.01225
 Call:
 stl(x = LogSales_time_series, s.window = 7)

Components
         seasonal    trend     remainder
 1 Q1 -0.17186373 11.79106 -0.0506963987
 1 Q2 -0.16799917 11.88385 -0.0194668478
 1 Q3  0.05868272 11.97320  0.0780571010
 1 Q4  0.27799018 12.06138  0.0482435187
 2 Q1 -0.16859626 12.14624  0.0051607303
 2 Q2 -0.16527035 12.20839 -0.0308755135
 2 Q3  0.05429794 12.26914 -0.0004684644
 2 Q4  0.27383633 12.33088  0.0017088905
 3 Q1 -0.16103176 12.38937  0.0315589509
 3 Q2 -0.16096028 12.44012  0.0119559178
 3 Q3  0.04393305 12.48299 -0.0074400768
 3 Q4  0.26435617 12.52388  0.0044917172
 4 Q1 -0.14242989 12.56684 -0.0304129470
 4 Q2 -0.14540849 12.61334  0.0170186609
 4 Q3  0.02464859 12.66446 -0.0044661471
 4 Q4  0.24781861 12.71894 -0.0100511669
 5 Q1 -0.13161430 12.77464  0.0010605441
 5 Q2 -0.13641016 12.83564 -0.0047635599
 5 Q3  0.02979574 12.89814 -0.0148147940
 5 Q4  0.22772285 12.95469  0.0263659981
 6 Q1 -0.12655838 13.00522  0.0264621773
 6 Q2 -0.13674597 13.05370 -0.0053216745
 6 Q3  0.05180672 13.10412 -0.0301861816
 6 Q4  0.21188274 13.16133 -0.0281444371
 7 Q1 -0.13393968 13.22626  0.0104565245
 7 Q2 -0.13903734 13.29139  0.0150913906
 7 Q3  0.07744307 13.34938  0.0349419669
 7 Q4  0.20318425 13.39787 -0.0043401700
 8 Q1 -0.15034018 13.43920 -0.0029049268
 8 Q2 -0.13988672 13.47302 -0.0051948914
 8 Q3  0.09279611 13.50278  0.0302546303
 8 Q4  0.20718541 13.53278  0.0031976861
 9 Q1 -0.15613507 13.56151 -0.0305691066
 9 Q2 -0.14792740 13.58867  0.0083169373
 9 Q3  0.08548426 13.61931  0.0038808160
 9 Q4  0.22469928 13.65139 -0.0023128699
10 Q1 -0.15906972 13.68008  0.0090398017
10 Q2 -0.15200115 13.70925  0.0009558042
10 Q3  0.08230293 13.73989 -0.0184053805
10 Q4  0.23170646 13.77073  0.0036939944
11 Q1 -0.16050494 13.81370 -0.0017482264
11 Q2 -0.15365775 13.86096 -0.0327614239
11 Q3  0.08049325 13.90861 -0.0251727453
11 Q4  0.23510700 13.95734  0.0417691511

First six observations from the final Sales Table are:
  Time Quarter  Sales LogSales    Seasonal     LogA        A
1    1    Qtr1 105715 11.56850 -0.17186373 11.74037 125538.3
2    2    Qtr2 120136 11.69638 -0.16799917 11.86438 142113.2
3    3    Qtr3 181669 12.10994  0.05868272 12.05126 171314.9
4    4    Qtr4 239813 12.38761  0.27799018 12.10962 181611.4
5    5    Qtr1 159980 11.98280 -0.16859626 12.15140 189359.1
6    6    Qtr2 164760 12.01225 -0.16527035 12.17752 194369.4
